# pop=65536 init=100000 round=10000000
0 28321
1 26373
2 25015
3 23895
4 22989
5 22147
6 21407
7 20757
8 20132
9 19551
10 19115
11 18733
12 18224
13 17799
14 17448
15 17183
16 16789
17 16493
18 16075
19 15845
20 15577
21 15343
22 15081
23 14742
24 14533
25 14276
26 14079
27 13843
28 13681
29 13523
30 13293
31 13126
32 12875
33 12720
34 12562
35 12441
36 12281
37 12126
38 12023
39 11859
40 11711
41 11555
42 11444
43 11280
44 11195
45 11063
46 10947
47 10828
48 10734
49 10639
50 10518
51 10403
52 10269
53 10221
54 10125
55 10001
56 9918
57 9828
58 9731
59 9649
60 9597
61 9522
62 9466
63 9361
64 9292
65 9195
66 9132
67 9011
68 8975
69 8912
70 8847
71 8764
72 8672
73 8615
74 8585
75 8504
76 8439
77 8388
78 8368
79 8263
80 8248
81 8161
82 8079
83 8024
84 7999
85 7955
86 7891
87 7843
88 7753
89 7712
90 7665
91 7612
92 7540
93 7548
94 7464
95 7435
96 7392
97 7299
98 7262
99 7250
100 7170
101 7129
102 7118
103 7072
104 7020
105 7019
106 6956
107 6947
108 6911
109 6870
110 6851
111 6820
112 6773
113 6724
114 6698
115 6673
116 6632
117 6574
118 6573
119 6523
120 6478
121 6442
122 6436
123 6368
124 6328
125 6325
126 6245
127 6223
128 6195
129 6144
130 6133
131 6092
132 6023
133 6015
134 5983
135 5987
136 5933
137 5897
138 5850
139 5830
140 5814
141 5800
142 5764
143 5715
144 5714
145 5667
146 5660
147 5630
148 5600
149 5601
150 5563
151 5547
152 5542
153 5512
154 5477
155 5470
156 5455
157 5388
158 5388
159 5356
160 5359
161 5340
162 5306
163 5265
164 5259
165 5245
166 5236
167 5225
168 5206
169 5183
170 5150
171 5123
172 5103
173 5082
174 5056
175 5033
176 5012
177 4984
178 4971
179 4952
180 4924
181 4923
182 4905
183 4902
184 4868
185 4846
186 4842
187 4806
188 4806
189 4770
190 4742
191 4737
192 4747
193 4697
194 4684
195 4662
196 4652
197 4625
198 4624
199 4595
200 4579
201 4583
202 4562
203 4554
204 4525
205 4527
206 4531
207 4503
208 4492
209 4472
210 4464
211 4463
212 4444
213 4426
214 4409
215 4387
216 4380
217 4357
218 4342
219 4339
220 4322
221 4317
222 4310
223 4282
224 4255
225 4264
226 4246
227 4245
228 4250
229 4207
230 4208
231 4176
232 4165
233 4157
234 4151
235 4140
236 4119
237 4119
238 4124
239 4099
240 4084
241 4068
242 4053
243 4048
244 4059
245 4036
246 4032
247 4033
248 4004
249 3993
250 3975
251 3958
252 3968
253 3945
254 3952
255 3917
256 3895
257 3894
258 3874
259 3872
260 3843
261 3847
262 3836
263 3832
264 3809
265 3824
266 3809
267 3791
268 3784
269 3766
270 3766
271 3754
272 3730
273 3715
274 3723
275 3693
276 3699
277 3685
278 3673
279 3658
280 3665
281 3654
282 3638
283 3630
284 3618
285 3619
286 3607
287 3591
288 3574
289 3572
290 3569
291 3551
292 3552
293 3536
294 3514
295 3512
296 3515
297 3505
298 3473
299 3460
300 3449
301 3456
302 3452
303 3457
304 3443
305 3427
306 3412
307 3416
308 3384
309 3379
310 3372
311 3359
312 3351
313 3343
314 3332
315 3342
316 3324
317 3315
318 3318
319 3321
320 3306
321 3301
322 3281
323 3275
324 3284
325 3271
326 3250
327 3246
328 3240
329 3237
330 3230
331 3201
332 3205
333 3201
334 3184
335 3203
336 3180
337 3184
338 3182
339 3163
340 3158
341 3160
342 3154
343 3140
344 3141
345 3131
346 3104
347 3116
348 3112
349 3110
350 3104
351 3075
352 3083
353 3068
354 3051
355 3046
356 3047
357 3029
358 3036
359 3044
360 3029
361 3021
362 3016
363 3010
364 3004
365 3004
366 2981
367 2976
368 2972
369 2977
370 2982
371 2959
372 2966
373 2966
374 2959
375 2950
376 2937
377 2932
378 2918
379 2919
380 2918
381 2897
382 2892
383 2880
384 2889
385 2880
386 2870
387 2865
388 2865
389 2852
390 2848
391 2840
392 2839
393 2818
394 2830
395 2836
396 2846
397 2827
398 2815
399 2813
400 2819
401 2819
402 2818
403 2804
404 2803
405 2799
406 2784
407 2780
408 2777
409 2769
410 2754
411 2748
412 2741
413 2731
414 2727
415 2722
416 2722
417 2701
418 2718
419 2715
420 2716
421 2713
422 2712
423 2705
424 2701
425 2681
426 2683
427 2675
428 2664
429 2648
430 2651
431 2645
432 2644
433 2636
434 2623
435 2630
436 2615
437 2613
438 2609
439 2594
440 2594
441 2581
442 2580
443 2562
444 2561
445 2563
446 2551
447 2550
448 2557
449 2554
450 2554
451 2545
452 2542
453 2547
454 2545
455 2535
456 2529
457 2514
458 2502
459 2501
460 2506
461 2504
462 2491
463 2486
464 2482
465 2489
466 2488
467 2487
468 2481
469 2479
470 2478
471 2464
472 2470
473 2467
474 2484
475 2464
476 2462
477 2455
478 2452
479 2446
480 2452
481 2430
482 2421
483 2425
484 2405
485 2404
486 2403
487 2409
488 2398
489 2387
490 2385
491 2387
492 2385
493 2386
494 2368
495 2369
496 2368
497 2372
498 2368
499 2357
500 2356
501 2366
502 2347
503 2343
504 2338
505 2341
506 2340
507 2342
508 2337
509 2317
510 2313
511 2311
512 2313
513 2308
514 2315
515 2315
516 2314
517 2305
518 2316
519 2303
520 2291
521 2282
522 2298
523 2293
524 2293
525 2281
526 2285
527 2281
528 2279
529 2272
530 2277
531 2267
532 2253
533 2255
534 2251
535 2264
536 2260
537 2251
538 2251
539 2245
540 2248
541 2236
542 2227
543 2228
544 2229
545 2221
546 2224
547 2221
548 2223
549 2219
550 2207
551 2203
552 2206
553 2203
554 2194
555 2204
556 2201
557 2198
558 2201
559 2193
560 2191
561 2186
562 2183
563 2178
564 2180
565 2170
566 2172
567 2174
568 2166
569 2159
570 2151
571 2161
572 2157
573 2151
574 2135
575 2142
576 2141
577 2146
578 2130
579 2133
580 2124
581 2113
582 2113
583 2098
584 2104
585 2103
586 2092
587 2102
588 2113
589 2107
590 2093
591 2097
592 2093
593 2091
594 2082
595 2079
596 2091
597 2081
598 2072
599 2065
600 2064
601 2072
602 2071
603 2055
604 2046
605 2054
606 2042
607 2041
608 2038
609 2031
610 2042
611 2041
612 2039
613 2034
614 2035
615 2041
616 2024
617 2024
618 2015
619 2012
620 2015
621 2019
622 2016
623 2012
624 2007
625 2012
626 2002
627 1998
628 1989
629 1990
630 1999
631 1997
632 1984
633 1985
634 1991
635 1985
636 1977
637 1979
638 1977
639 1973
640 1972
641 1973
642 1972
643 1971
644 1973
645 1971
646 1956
647 1950
648 1938
649 1954
650 1943
651 1937
652 1952
653 1948
654 1944
655 1935
656 1931
657 1927
658 1931
659 1936
660 1927
661 1928
662 1930
663 1923
664 1919
665 1916
666 1924
667 1919
668 1915
669 1910
670 1907
671 1916
672 1905
673 1896
674 1902
675 1900
676 1896
677 1883
678 1876
679 1873
680 1874
681 1873
682 1875
683 1865
684 1872
685 1872
686 1875
687 1872
688 1865
689 1864
690 1866
691 1866
692 1866
693 1861
694 1855
695 1854
696 1849
697 1842
698 1843
699 1835
700 1826
701 1830
702 1823
703 1827
704 1830
705 1825
706 1825
707 1825
708 1825
709 1818
710 1819
711 1817
712 1815
713 1809
714 1805
715 1803
716 1795
717 1777
718 1777
719 1768
720 1771
721 1770
722 1766
723 1774
724 1772
725 1774
726 1775
727 1767
728 1763
729 1756
730 1756
731 1754
732 1759
733 1748
734 1746
735 1748
736 1745
737 1745
738 1741
739 1743
740 1740
741 1740
742 1731
743 1733
744 1731
745 1729
746 1732
747 1728
748 1724
749 1718
750 1717
751 1718
752 1713
753 1711
754 1713
755 1716
756 1709
757 1711
758 1713
759 1709
760 1700
761 1702
762 1700
763 1706
764 1708
765 1703
766 1700
767 1689
768 1691
769 1685
770 1688
771 1690
772 1694
773 1690
774 1678
775 1675
776 1666
777 1660
778 1661
779 1664
780 1656
781 1659
782 1650
783 1648
784 1648
785 1649
786 1650
787 1641
788 1647
789 1643
790 1636
791 1640
792 1649
793 1645
794 1644
795 1633
796 1627
797 1621
798 1620
799 1616
800 1619
801 1624
802 1628
803 1626
804 1622
805 1621
806 1618
807 1617
808 1616
809 1618
810 1613
811 1617
812 1621
813 1611
814 1615
815 1608
816 1616
817 1609
818 1612
819 1599
820 1598
821 1605
822 1607
823 1596
824 1594
825 1594
826 1590
827 1590
828 1589
829 1596
830 1589
831 1581
832 1592
833 1593
834 1580
835 1578
836 1580
837 1572
838 1571
839 1570
840 1570
841 1567
842 1566
843 1558
844 1558
845 1562
846 1559
847 1559
848 1556
849 1552
850 1549
851 1553
852 1544
853 1544
854 1539
855 1544
856 1540
857 1535
858 1536
859 1531
860 1537
861 1539
862 1534
863 1534
864 1531
865 1525
866 1522
867 1518
868 1521
869 1520
870 1520
871 1518
872 1514
873 1516
874 1511
875 1508
876 1499
877 1503
878 1495
879 1501
880 1501
881 1496
882 1499
883 1495
884 1494
885 1494
886 1502
887 1501
888 1495
889 1498
890 1485
891 1486
892 1490
893 1485
894 1483
895 1484
896 1482
897 1476
898 1482
899 1481
900 1482
901 1484
902 1479
903 1479
904 1480
905 1487
906 1484
907 1484
908 1479
909 1473
910 1472
911 1471
912 1463
913 1467
914 1467
915 1466
916 1469
917 1462
918 1461
919 1463
920 1468
921 1461
922 1462
923 1460
924 1456
925 1452
926 1453
927 1452
928 1450
929 1448
930 1444
931 1439
932 1435
933 1439
934 1439
935 1436
936 1433
937 1434
938 1433
939 1432
940 1435
941 1430
942 1430
943 1419
944 1428
945 1429
946 1426
947 1429
948 1426
949 1421
950 1423
951 1417
952 1413
953 1416
954 1419
955 1413
956 1417
957 1416
958 1412
959 1418
960 1416
961 1414
962 1414
963 1414
964 1410
965 1414
966 1405
967 1397
968 1402
969 1392
970 1400
971 1402
972 1393
973 1401
974 1401
975 1394
976 1392
977 1393
978 1392
979 1381
980 1383
981 1379
982 1377
983 1378
984 1375
985 1371
986 1369
987 1365
988 1357
989 1356
990 1357
991 1360
992 1364
993 1369
994 1363
995 1364
996 1363
997 1368
998 1368
999 1364
1000 1362
1001 1361
1002 1364
1003 1365
1004 1363
1005 1361
1006 1359
1007 1357
1008 1355
1009 1357
1010 1355
1011 1356
1012 1342
1013 1349
1014 1345
1015 1344
1016 1344
1017 1343
1018 1347
1019 1340
1020 1344
1021 1342
1022 1342
1023 1348
1024 1345
1025 1345
1026 1339
1027 1342
1028 1337
1029 1335
1030 1333
1031 1339
1032 1335
1033 1339
1034 1334
1035 1336
1036 1332
1037 1326
1038 1326
1039 1327
1040 1324
1041 1326
1042 1330
1043 1324
1044 1319
1045 1317
1046 1319
1047 1322
1048 1328
1049 1322
1050 1318
1051 1317
1052 1321
1053 1319
1054 1319
1055 1316
1056 1318
1057 1313
1058 1308
1059 1310
1060 1304
1061 1302
1062 1304
1063 1306
1064 1304
1065 1304
1066 1303
1067 1301
1068 1298
1069 1299
1070 1300
1071 1296
1072 1298
1073 1299
1074 1298
1075 1297
1076 1292
1077 1294
1078 1288
1079 1287
1080 1287
1081 1293
1082 1288
1083 1292
1084 1285
1085 1290
1086 1286
1087 1290
1088 1293
1089 1291
1090 1292
1091 1291
1092 1290
1093 1287
1094 1292
1095 1286
1096 1283
1097 1282
1098 1287
1099 1278
1100 1286
1101 1282
1102 1284
1103 1279
1104 1281
1105 1279
1106 1277
1107 1274
1108 1274
1109 1278
1110 1275
1111 1275
1112 1266
1113 1270
1114 1270
1115 1267
1116 1269
1117 1269
1118 1266
1119 1272
1120 1275
1121 1275
1122 1263
1123 1265
1124 1260
1125 1265
1126 1258
1127 1266
1128 1274
1129 1265
1130 1263
1131 1264
1132 1263
1133 1259
1134 1258
1135 1260
1136 1261
1137 1260
1138 1265
1139 1258
1140 1257
1141 1259
1142 1266
1143 1255
1144 1262
1145 1266
1146 1263
1147 1261
1148 1261
1149 1257
1150 1252
1151 1257
1152 1247
1153 1249
1154 1248
1155 1253
1156 1252
1157 1251
1158 1244
1159 1240
1160 1239
1161 1241
1162 1241
1163 1234
1164 1239
1165 1234
1166 1235
1167 1233
1168 1238
1169 1229
1170 1220
1171 1223
1172 1230
1173 1223
1174 1226
1175 1231
1176 1221
1177 1219
1178 1219
1179 1212
1180 1215
1181 1212
1182 1215
1183 1218
1184 1219
1185 1218
1186 1210
1187 1212
1188 1205
1189 1207
1190 1200
1191 1198
1192 1202
1193 1204
1194 1204
1195 1197
1196 1202
1197 1199
1198 1196
1199 1201
1200 1202
1201 1201
1202 1196
1203 1191
1204 1192
1205 1187
1206 1192
1207 1194
1208 1184
1209 1188
1210 1187
1211 1184
1212 1182
1213 1185
1214 1185
1215 1179
1216 1181
1217 1176
1218 1174
1219 1179
1220 1180
1221 1174
1222 1177
1223 1174
1224 1171
1225 1173
1226 1178
1227 1173
1228 1167
1229 1165
1230 1163
1231 1169
1232 1165
1233 1167
1234 1170
1235 1176
1236 1170
1237 1173
1238 1166
1239 1165
1240 1163
1241 1162
1242 1170
1243 1163
1244 1163
1245 1161
1246 1157
1247 1161
1248 1150
1249 1155
1250 1157
1251 1158
1252 1158
1253 1154
1254 1156
1255 1155
1256 1146
1257 1151
1258 1158
1259 1159
1260 1152
1261 1148
1262 1143
1263 1141
1264 1138
1265 1138
1266 1134
1267 1133
1268 1137
1269 1136
1270 1136
1271 1139
1272 1140
1273 1138
1274 1137
1275 1124
1276 1130
1277 1138
1278 1139
1279 1137
1280 1134
1281 1136
1282 1134
1283 1140
1284 1137
1285 1139
1286 1141
1287 1136
1288 1127
1289 1126
1290 1130
1291 1127
1292 1134
1293 1131
1294 1124
1295 1124
1296 1119
1297 1122
1298 1114
1299 1116
1300 1122
1301 1120
1302 1119
1303 1122
1304 1117
1305 1116
1306 1119
1307 1112
1308 1117
1309 1112
1310 1117
1311 1119
1312 1117
1313 1114
1314 1112
1315 1115
1316 1119
1317 1118
1318 1117
1319 1117
1320 1117
1321 1111
1322 1109
1323 1107
1324 1108
1325 1107
1326 1102
1327 1106
1328 1102
1329 1101
1330 1096
1331 1095
1332 1089
1333 1099
1334 1097
1335 1092
1336 1096
1337 1101
1338 1105
1339 1102
1340 1099
1341 1103
1342 1103
1343 1099
1344 1097
1345 1101
1346 1096
1347 1098
1348 1089
1349 1094
1350 1097
1351 1091
1352 1092
1353 1090
1354 1087
1355 1085
1356 1086
1357 1083
1358 1086
1359 1086
1360 1085
1361 1085
1362 1082
1363 1086
1364 1082
1365 1084
1366 1091
1367 1098
1368 1089
1369 1090
1370 1083
1371 1079
1372 1078
1373 1079
1374 1080
1375 1078
1376 1086
1377 1088
1378 1081
1379 1079
1380 1080
1381 1077
1382 1079
1383 1075
1384 1076
1385 1074
1386 1073
1387 1070
1388 1075
1389 1076
1390 1074
1391 1079
1392 1077
1393 1073
1394 1068
1395 1072
1396 1066
1397 1068
1398 1065
1399 1063
1400 1062
1401 1063
1402 1068
1403 1069
1404 1066
1405 1065
1406 1060
1407 1063
1408 1058
1409 1055
1410 1059
1411 1060
1412 1061
1413 1059
1414 1058
1415 1058
1416 1061
1417 1056
1418 1061
1419 1057
1420 1057
1421 1056
1422 1054
1423 1056
1424 1060
1425 1055
1426 1059
1427 1056
1428 1056
1429 1051
1430 1054
1431 1054
1432 1050
1433 1051
1434 1051
1435 1052
1436 1055
1437 1052
1438 1043
1439 1047
1440 1045
1441 1042
1442 1045
1443 1042
1444 1040
1445 1041
1446 1036
1447 1038
1448 1044
1449 1037
1450 1035
1451 1036
1452 1033
1453 1035
1454 1036
1455 1035
1456 1032
1457 1033
1458 1039
1459 1031
1460 1027
1461 1026
1462 1023
1463 1026
1464 1031
1465 1029
1466 1025
1467 1032
1468 1026
1469 1019
1470 1019
1471 1018
1472 1025
1473 1021
1474 1020
1475 1026
1476 1018
1477 1021
1478 1018
1479 1016
1480 1016
1481 1011
1482 1013
1483 1014
1484 1013
1485 1014
1486 1020
1487 1016
1488 1017
1489 1011
1490 1013
1491 1014
1492 1012
1493 1010
1494 1011
1495 1015
1496 1008
1497 1008
1498 1007
1499 1005
1500 1002
1501 1010
1502 1009
1503 1013
1504 1013
1505 1011
1506 1011
1507 1015
1508 1016
1509 1011
1510 1012
1511 1013
1512 1009
1513 1012
1514 1012
1515 1011
1516 1013
1517 1011
1518 1011
1519 1010
1520 1009
1521 1010
1522 1009
1523 1008
1524 1003
1525 993
1526 994
1527 993
1528 990
1529 990
1530 985
1531 985
1532 989
1533 989
1534 991
1535 989
1536 989
1537 988
1538 987
1539 980
1540 987
1541 988
1542 989
1543 987
1544 987
1545 988
1546 982
1547 976
1548 975
1549 974
1550 981
1551 976
1552 974
1553 974
1554 975
1555 974
1556 968
1557 968
1558 974
1559 975
1560 976
1561 976
1562 968
1563 971
1564 968
1565 972
1566 970
1567 975
1568 973
1569 969
1570 971
1571 973
1572 971
1573 972
1574 979
1575 972
1576 971
1577 969
1578 967
1579 968
1580 967
1581 966
1582 963
1583 966
1584 964
1585 965
1586 967
1587 967
1588 969
1589 966
1590 966
1591 962
1592 962
1593 966
1594 965
1595 960
1596 962
1597 964
1598 955
1599 952
1600 954
1601 955
1602 954
1603 948
1604 956
1605 956
1606 956
1607 951
1608 955
1609 950
1610 950
1611 950
1612 951
1613 952
1614 957
1615 954
1616 950
1617 954
1618 951
1619 949
1620 948
1621 945
1622 944
1623 942
1624 944
1625 941
1626 946
1627 943
1628 943
1629 937
1630 936
1631 936
1632 936
1633 939
1634 937
1635 937
1636 936
1637 939
1638 940
1639 940
1640 937
1641 941
1642 936
1643 936
1644 936
1645 931
1646 929
1647 928
1648 930
1649 926
1650 922
1651 921
1652 920
1653 922
1654 923
1655 921
1656 921
1657 923
1658 924
1659 921
1660 928
1661 922
1662 917
1663 918
1664 922
1665 922
1666 921
1667 924
1668 921
1669 921
1670 918
1671 916
1672 913
1673 916
1674 913
1675 915
1676 916
1677 915
1678 914
1679 912
1680 915
1681 917
1682 912
1683 915
1684 916
1685 917
1686 916
1687 913
1688 915
1689 913
1690 912
1691 916
1692 918
1693 917
1694 914
1695 905
1696 907
1697 906
1698 904
1699 906
1700 909
1701 912
1702 907
1703 915
1704 909
1705 907
1706 910
1707 910
1708 910
1709 908
1710 908
1711 910
1712 910
1713 914
1714 913
1715 909
1716 906
1717 908
1718 903
1719 907
1720 897
1721 897
1722 898
1723 902
1724 904
1725 903
1726 895
1727 895
1728 899
1729 892
1730 888
1731 894
1732 896
1733 896
1734 895
1735 892
1736 888
1737 891
1738 893
1739 897
1740 894
1741 891
1742 888
1743 889
1744 893
1745 892
1746 894
1747 894
1748 896
1749 896
1750 891
1751 887
1752 890
1753 894
1754 891
1755 892
1756 894
1757 893
1758 887
1759 886
1760 887
1761 883
1762 886
1763 882
1764 882
1765 884
1766 884
1767 879
1768 880
1769 877
1770 883
1771 882
1772 880
1773 881
1774 887
1775 878
1776 882
1777 877
1778 881
1779 878
1780 885
1781 882
1782 876
1783 877
1784 876
1785 875
1786 872
1787 869
1788 869
1789 869
1790 869
1791 868
1792 865
1793 870
1794 870
1795 873
1796 876
1797 875
1798 871
1799 871
1800 871
1801 862
1802 864
1803 862
1804 860
1805 857
1806 863
1807 868
1808 863
1809 864
1810 863
1811 859
1812 864
1813 862
1814 861
1815 869
1816 870
1817 867
1818 866
1819 866
1820 865
1821 861
1822 860
1823 863
1824 860
1825 859
1826 861
1827 861
1828 859
1829 862
1830 855
1831 849
1832 848
1833 853
1834 851
1835 856
1836 854
1837 854
1838 857
1839 850
1840 846
1841 846
1842 844
1843 846
1844 850
1845 849
1846 847
1847 847
1848 847
1849 849
1850 850
1851 845
1852 842
1853 844
1854 843
1855 849
1856 846
1857 848
1858 845
1859 848
1860 847
1861 842
1862 841
1863 841
1864 846
1865 844
1866 845
1867 840
1868 838
1869 840
1870 835
1871 835
1872 836
1873 831
1874 837
1875 834
1876 830
1877 826
1878 832
1879 828
1880 827
1881 826
1882 828
1883 831
1884 826
1885 824
1886 824
1887 823
1888 818
1889 820
1890 817
1891 821
1892 820
1893 821
1894 820
1895 823
1896 823
1897 826
1898 823
1899 828
1900 828
1901 824
1902 826
1903 828
1904 825
1905 827
1906 824
1907 823
1908 824
1909 823
1910 823
1911 823
1912 822
1913 826
1914 825
1915 826
1916 823
1917 824
1918 823
1919 819
1920 816
1921 817
1922 819
1923 814
1924 813
1925 812
1926 818
1927 813
1928 812
1929 815
1930 816
1931 814
1932 816
1933 813
1934 816
1935 811
1936 811
1937 809
1938 814
1939 811
1940 813
1941 819
1942 817
1943 813
1944 812
1945 808
1946 813
1947 809
1948 810
1949 807
1950 803
1951 805
1952 804
1953 802
1954 804
1955 805
1956 805
1957 803
1958 804
1959 800
1960 801
1961 802
1962 802
1963 801
1964 800
1965 804
1966 804
1967 804
1968 803
1969 803
1970 802
1971 799
1972 802
1973 799
1974 799
1975 793
1976 796
1977 796
1978 800
1979 795
1980 794
1981 800
1982 800
1983 799
1984 799
1985 798
1986 796
1987 795
1988 797
1989 793
1990 796
1991 795
1992 795
1993 799
1994 794
1995 797
1996 798
1997 798
1998 796
1999 799
2000 802
2001 799
2002 797
2003 795
2004 795
2005 793
2006 792
2007 795
2008 794
2009 794
2010 796
2011 797
2012 792
2013 793
2014 789
2015 785
2016 789
2017 794
2018 792
2019 788
2020 789
2021 788
2022 792
2023 791
2024 791
2025 791
2026 790
2027 786
2028 783
2029 782
2030 787
2031 787
2032 793
2033 789
2034 790
2035 786
2036 784
2037 785
2038 786
2039 781
2040 784
2041 781
2042 780
2043 776
2044 780
2045 779
2046 781
2047 782
2048 780
2049 778
2050 780
2051 774
2052 773
2053 771
2054 768
2055 773
2056 775
2057 772
2058 771
2059 774
2060 770
2061 774
2062 772
2063 771
2064 770
2065 772
2066 769
2067 764
2068 764
2069 763
2070 763
2071 763
2072 758
2073 759
2074 761
2075 758
2076 757
2077 760
2078 760
2079 758
2080 758
2081 761
2082 760
2083 759
2084 756
2085 759
2086 759
2087 757
2088 760
2089 762
2090 762
2091 760
2092 762
2093 762
2094 762
2095 760
2096 760
2097 761
2098 762
2099 759
2100 757
2101 760
2102 756
2103 755
2104 756
2105 754
2106 753
2107 756
2108 756
2109 750
2110 751
2111 750
2112 751
2113 751
2114 752
2115 756
2116 753
2117 755
2118 752
2119 754
2120 752
2121 754
2122 756
2123 752
2124 752
2125 753
2126 751
2127 751
2128 751
2129 749
2130 751
2131 759
2132 756
2133 753
2134 753
2135 756
2136 752
2137 755
2138 752
2139 752
2140 749
2141 755
2142 754
2143 755
2144 754
2145 752
2146 750
2147 752
2148 752
2149 748
2150 747
2151 752
2152 750
2153 747
2154 746
2155 751
2156 751
2157 754
2158 753
2159 748
2160 749
2161 747
2162 744
2163 746
2164 749
2165 750
2166 751
2167 745
2168 746
2169 748
2170 748
2171 745
2172 741
2173 742
2174 737
2175 742
2176 746
2177 747
2178 745
2179 748
2180 753
2181 753
2182 748
2183 749
2184 747
2185 748
2186 746
2187 742
2188 746
2189 746
2190 746
2191 744
2192 744
2193 749
2194 748
2195 745
2196 743
2197 746
2198 745
2199 747
2200 749
2201 749
2202 741
2203 742
2204 742
2205 746
2206 749
2207 745
2208 745
2209 742
2210 737
2211 740
2212 742
2213 743
2214 738
2215 738
2216 737
2217 735
2218 734
2219 735
2220 734
2221 738
2222 737
2223 734
2224 730
2225 734
2226 735
2227 736
2228 730
2229 734
2230 736
2231 730
2232 734
2233 734
2234 736
2235 730
2236 736
2237 737
2238 734
2239 732
2240 736
2241 734
2242 734
2243 735
2244 737
2245 736
2246 733
2247 735
2248 735
2249 731
2250 733
2251 729
2252 731
2253 727
2254 725
2255 730
2256 732
2257 731
2258 730
2259 727
2260 730
2261 726
2262 722
2263 724
2264 728
2265 726
2266 727
2267 725
2268 727
2269 723
2270 723
2271 726
2272 728
2273 728
2274 725
2275 722
2276 726
2277 728
2278 724
2279 723
2280 726
2281 728
2282 726
2283 723
2284 725
2285 727
2286 723
2287 721
2288 723
2289 724
2290 729
2291 724
2292 728
2293 728
2294 723
2295 721
2296 723
2297 721
2298 721
2299 720
2300 719
2301 717
2302 721
2303 722
2304 723
2305 720
2306 718
2307 720
2308 717
2309 721
2310 718
2311 715
2312 715
2313 717
2314 715
2315 713
2316 709
2317 712
2318 705
2319 708
2320 708
2321 712
2322 705
2323 708
2324 713
2325 710
2326 708
2327 707
2328 709
2329 704
2330 709
2331 705
2332 703
2333 701
2334 704
2335 703
2336 703
2337 704
2338 701
2339 704
2340 701
2341 702
2342 700
2343 702
2344 698
2345 699
2346 700
2347 703
2348 702
2349 703
2350 701
2351 702
2352 705
2353 702
2354 700
2355 701
2356 702
2357 706
2358 704
2359 707
2360 705
2361 704
2362 705
2363 702
2364 700
2365 703
2366 703
2367 706
2368 703
2369 704
2370 704
2371 697
2372 700
2373 699
2374 696
2375 698
2376 688
2377 690
2378 692
2379 694
2380 693
2381 695
2382 689
2383 690
2384 689
2385 688
2386 691
2387 690
2388 682
2389 688
2390 690
2391 691
2392 691
2393 690
2394 687
2395 689
2396 690
2397 687
2398 691
2399 687
2400 691
2401 688
2402 689
2403 691
2404 688
2405 686
2406 685
2407 690
2408 690
2409 689
2410 692
2411 688
2412 689
2413 685
2414 687
2415 689
2416 690
2417 686
2418 691
2419 688
2420 685
2421 684
2422 686
2423 687
2424 686
2425 686
2426 689
2427 689
2428 687
2429 688
2430 686
2431 686
2432 682
2433 684
2434 682
2435 680
2436 681
2437 685
2438 684
2439 679
2440 682
2441 684
2442 683
2443 686
2444 683
2445 679
2446 680
2447 682
2448 682
2449 683
2450 679
2451 678
2452 684
2453 679
2454 680
2455 681
2456 677
2457 678
2458 675
2459 679
2460 679
2461 679
2462 677
2463 676
2464 675
2465 679
2466 677
2467 676
2468 674
2469 673
2470 675
2471 671
2472 677
2473 677
2474 675
2475 675
2476 673
2477 673
2478 672
2479 674
2480 674
2481 672
2482 674
2483 671
2484 668
2485 668
2486 663
2487 665
2488 664
2489 672
2490 670
2491 673
2492 670
2493 675
2494 674
2495 674
2496 674
2497 674
2498 676
2499 675
2500 672
2501 674
2502 680
2503 678
2504 677
2505 675
2506 676
2507 672
2508 668
2509 667
2510 666
2511 671
2512 665
2513 669
2514 669
2515 667
2516 661
2517 663
2518 663
2519 662
2520 662
2521 662
2522 663
2523 663
2524 662
2525 660
2526 658
2527 659
2528 659
2529 659
2530 666
2531 659
2532 660
2533 664
2534 660
2535 666
2536 663
2537 661
2538 659
2539 658
2540 655
2541 662
2542 656
2543 658
2544 663
2545 657
2546 662
2547 662
2548 665
2549 656
2550 655
2551 658
2552 661
2553 661
2554 664
2555 663
2556 664
2557 664
2558 661
2559 662
2560 659
2561 660
2562 659
2563 657
2564 656
2565 658
2566 654
2567 655
2568 654
2569 654
2570 648
2571 649
2572 651
2573 649
2574 655
2575 654
2576 648
2577 651
2578 652
2579 654
2580 655
2581 653
2582 653
2583 651
2584 653
2585 650
2586 651
2587 650
2588 655
2589 654
2590 654
2591 655
2592 655
2593 655
2594 654
2595 655
2596 652
2597 652
2598 655
2599 657
2600 653
2601 654
2602 655
2603 653
2604 652
2605 646
2606 647
2607 647
2608 646
2609 647
2610 645
2611 650
2612 647
2613 647
2614 646
2615 648
2616 646
2617 645
2618 644
2619 642
2620 646
2621 644
2622 647
2623 646
2624 645
2625 649
2626 645
2627 650
2628 648
2629 644
2630 646
2631 647
2632 646
2633 647
2634 647
2635 643
2636 644
2637 643
2638 645
2639 644
2640 644
2641 639
2642 636
2643 636
2644 639
2645 636
2646 636
2647 638
2648 638
2649 637
2650 639
2651 639
2652 636
2653 637
2654 637
2655 637
2656 639
2657 640
2658 637
2659 636
2660 639
2661 636
2662 637
2663 634
2664 636
2665 636
2666 634
2667 633
2668 636
2669 635
2670 636
2671 635
2672 636
2673 635
2674 637
2675 632
2676 629
2677 632
2678 631
2679 631
2680 628
2681 630
2682 630
2683 627
2684 626
2685 625
2686 629
2687 633
2688 633
2689 629
2690 630
2691 631
2692 631
2693 628
2694 625
2695 625
2696 623
2697 621
2698 624
2699 624
2700 622
2701 621
2702 624
2703 624
2704 618
2705 623
2706 623
2707 621
2708 622
2709 622
2710 623
2711 624
2712 619
2713 624
2714 621
2715 619
2716 616
2717 614
2718 616
2719 613
2720 612
2721 615
2722 613
2723 620
2724 621
2725 622
2726 621
2727 619
2728 619
2729 623
2730 622
2731 619
2732 618
2733 619
2734 616
2735 619
2736 617
2737 616
2738 622
2739 619
2740 613
2741 613
2742 616
2743 616
2744 617
2745 617
2746 617
2747 615
2748 613
2749 614
2750 613
2751 616
2752 611
2753 617
2754 613
2755 612
2756 615
2757 613
2758 611
2759 611
2760 610
2761 607
2762 612
2763 608
2764 608
2765 610
2766 605
2767 604
2768 603
2769 603
2770 602
2771 599
2772 603
2773 604
2774 604
2775 602
2776 606
2777 603
2778 602
2779 596
2780 600
2781 603
2782 600
2783 601
2784 605
2785 601
2786 600
2787 599
2788 600
2789 597
2790 602
2791 600
2792 595
2793 599
2794 600
2795 597
2796 597
2797 595
2798 591
2799 591
2800 595
2801 594
2802 596
2803 598
2804 595
2805 596
2806 597
2807 598
2808 597
2809 596
2810 595
2811 596
2812 597
2813 595
2814 596
2815 596
2816 594
2817 594
2818 593
2819 592
2820 597
2821 596
2822 593
2823 591
2824 593
2825 591
2826 591
2827 592
2828 591
2829 592
2830 589
2831 591
2832 592
2833 594
2834 593
2835 593
2836 591
2837 590
2838 593
2839 591
2840 590
2841 589
2842 590
2843 594
2844 592
2845 593
2846 592
2847 590
2848 592
2849 589
2850 588
2851 588
2852 591
2853 590
2854 592
2855 589
2856 590
2857 590
2858 588
2859 590
2860 588
2861 589
2862 587
2863 586
2864 587
2865 586
2866 586
2867 588
2868 589
2869 589
2870 589
2871 589
2872 586
2873 584
2874 582
2875 582
2876 583
2877 584
2878 585
2879 586
2880 587
2881 587
2882 586
2883 587
2884 592
2885 591
2886 590
2887 589
2888 593
2889 591
2890 587
2891 586
2892 585
2893 582
2894 585
2895 588
2896 590
2897 587
2898 587
2899 587
2900 589
2901 586
2902 587
2903 585
2904 585
2905 588
2906 586
2907 584
2908 584
2909 586
2910 586
2911 584
2912 584
2913 584
2914 585
2915 583
2916 580
2917 581
2918 579
2919 579
2920 580
2921 581
2922 584
2923 584
2924 584
2925 580
2926 582
2927 582
2928 582
2929 582
2930 581
2931 583
2932 585
2933 580
2934 578
2935 581
2936 580
2937 583
2938 580
2939 581
2940 585
2941 584
2942 582
2943 580
2944 582
2945 584
2946 584
2947 584
2948 584
2949 584
2950 585
2951 586
2952 586
2953 583
2954 580
2955 578
2956 576
2957 574
2958 578
2959 577
2960 575
2961 576
2962 577
2963 576
2964 578
2965 581
2966 580
2967 577
2968 576
2969 574
2970 578
2971 579
2972 579
2973 575
2974 576
2975 576
2976 574
2977 572
2978 573
2979 571
2980 570
2981 568
2982 569
2983 571
2984 572
2985 571
2986 569
2987 568
2988 568
2989 570
2990 570
2991 571
2992 568
2993 572
2994 566
2995 566
2996 565
2997 565
2998 564
2999 565
3000 565
3001 563
3002 559
3003 561
3004 562
3005 562
3006 560
3007 561
3008 559
3009 558
3010 559
3011 558
3012 559
3013 560
3014 561
3015 562
3016 563
3017 561
3018 562
3019 563
3020 558
3021 562
3022 560
3023 558
3024 558
3025 555
3026 555
3027 556
3028 555
3029 555
3030 555
3031 556
3032 557
3033 554
3034 556
3035 554
3036 555
3037 555
3038 557
3039 557
3040 557
3041 557
3042 559
3043 560
3044 557
3045 555
3046 554
3047 554
3048 552
3049 553
3050 554
3051 555
3052 557
3053 559
3054 557
3055 556
3056 558
3057 556
3058 556
3059 557
3060 559
3061 558
3062 558
3063 558
3064 557
3065 557
3066 555
3067 554
3068 554
3069 553
3070 553
3071 553
3072 557
3073 553
3074 557
3075 556
3076 557
3077 555
3078 555
3079 555
3080 554
3081 556
3082 555
3083 554
3084 553
3085 551
3086 553
3087 553
3088 555
3089 555
3090 554
3091 553
3092 550
3093 553
3094 551
3095 552
3096 551
3097 551
3098 550
3099 550
3100 547
3101 546
3102 551
3103 549
3104 548
3105 551
3106 553
3107 552
3108 551
3109 553
3110 556
3111 555
3112 553
3113 553
3114 551
3115 551
3116 552
3117 551
3118 550
3119 550
3120 552
3121 550
3122 550
3123 550
3124 551
3125 546
3126 549
3127 545
3128 545
3129 547
3130 545
3131 545
3132 544
3133 545
3134 544
3135 543
3136 543
3137 546
3138 544
3139 546
3140 543
3141 545
3142 543
3143 541
3144 546
3145 546
3146 548
3147 547
3148 542
3149 545
3150 542
3151 545
3152 545
3153 546
3154 545
3155 545
3156 545
3157 547
3158 546
3159 546
3160 548
3161 549
3162 549
3163 549
3164 548
3165 544
3166 544
3167 545
3168 547
3169 546
3170 545
3171 547
3172 546
3173 546
3174 545
3175 547
3176 545
3177 544
3178 543
3179 543
3180 542
3181 542
3182 545
3183 543
3184 542
3185 542
3186 544
3187 544
3188 545
3189 545
3190 546
3191 544
3192 547
3193 544
3194 545
3195 545
3196 545
3197 545
3198 545
3199 546
3200 544
3201 544
3202 547
3203 544
3204 542
3205 543
3206 544
3207 544
3208 541
3209 540
3210 539
3211 540
3212 538
3213 541
3214 538
3215 537
3216 539
3217 535
3218 536
3219 534
3220 537
3221 536
3222 535
3223 536
3224 533
3225 535
3226 534
3227 537
3228 535
3229 538
3230 538
3231 538
3232 538
3233 538
3234 537
3235 536
3236 537
3237 536
3238 539
3239 536
3240 538
3241 535
3242 538
3243 534
3244 535
3245 535
3246 533
3247 538
3248 534
3249 529
3250 532
3251 533
3252 534
3253 533
3254 536
3255 532
3256 538
3257 536
3258 535
3259 534
3260 534
3261 533
3262 532
3263 533
3264 534
3265 532
3266 534
3267 535
3268 535
3269 532
3270 532
3271 534
3272 532
3273 534
3274 535
3275 536
3276 534
3277 534
3278 530
3279 534
3280 531
3281 531
3282 534
3283 534
3284 534
3285 530
3286 529
3287 530
3288 528
3289 527
3290 531
3291 534
3292 532
3293 531
3294 531
3295 529
3296 530
3297 528
3298 529
3299 523
3300 525
3301 523
3302 526
3303 525
3304 526
3305 523
3306 524
3307 528
3308 527
3309 525
3310 527
3311 526
3312 527
3313 526
3314 527
3315 527
3316 525
3317 525
3318 524
3319 524
3320 525
3321 522
3322 523
3323 524
3324 522
3325 526
3326 527
3327 524
3328 527
3329 522
3330 523
3331 520
3332 523
3333 521
3334 521
3335 524
3336 525
3337 523
3338 519
3339 520
3340 520
3341 520
3342 519
3343 521
3344 523
3345 525
3346 522
3347 521
3348 518
3349 518
3350 522
3351 521
3352 523
3353 521
3354 522
3355 519
3356 521
3357 520
3358 519
3359 519
3360 521
3361 521
3362 523
3363 519
3364 520
3365 519
3366 515
3367 513
3368 513
3369 516
3370 517
3371 516
3372 514
3373 509
3374 511
3375 513
3376 511
3377 510
3378 511
3379 511
3380 512
3381 514
3382 514
3383 514
3384 516
3385 520
3386 521
3387 519
3388 519
3389 521
3390 519
3391 521
3392 523
3393 522
3394 522
3395 523
3396 519
3397 519
3398 518
3399 522
3400 521
3401 521
3402 521
3403 518
3404 519
3405 517
3406 518
3407 517
3408 520
3409 517
3410 517
3411 522
3412 521
3413 522
3414 522
3415 525
3416 522
3417 520
3418 521
3419 517
3420 516
3421 518
3422 518
3423 517
3424 519
3425 520
3426 519
3427 521
3428 518
3429 517
3430 518
3431 520
3432 519
3433 522
3434 520
3435 517
3436 515
3437 516
3438 515
3439 516
3440 515
3441 513
3442 515
3443 514
3444 512
3445 512
3446 509
3447 510
3448 508
3449 512
3450 511
3451 511
3452 511
3453 514
3454 515
3455 514
3456 515
3457 517
3458 517
3459 514
3460 514
3461 511
3462 511
3463 513
3464 513
3465 510
3466 509
3467 509
3468 508
3469 508
3470 510
3471 510
3472 510
3473 509
3474 510
3475 511
3476 510
3477 509
3478 509
3479 510
3480 510
3481 508
3482 511
3483 509
3484 508
3485 508
3486 504
3487 505
3488 505
3489 504
3490 504
3491 503
3492 502
3493 501
3494 499
3495 498
3496 499
3497 497
3498 496
3499 500
3500 502
3501 502
3502 502
3503 504
3504 502
3505 501
3506 499
3507 501
3508 499
3509 500
3510 501
3511 500
3512 501
3513 501
3514 500
3515 499
3516 499
3517 499
3518 502
3519 502
3520 497
3521 496
3522 498
3523 494
3524 494
3525 495
3526 497
3527 492
3528 492
3529 490
3530 494
3531 493
3532 496
3533 495
3534 493
3535 491
3536 488
3537 487
3538 489
3539 489
3540 491
3541 491
3542 490
3543 488
3544 490
3545 492
3546 490
3547 490
3548 488
3549 488
3550 490
3551 489
3552 492
3553 493
3554 491
3555 489
3556 490
3557 487
3558 488
3559 492
3560 492
3561 491
3562 490
3563 490
3564 491
3565 488
3566 488
3567 485
3568 488
3569 490
3570 489
3571 489
3572 488
3573 489
3574 490
3575 485
3576 484
3577 483
3578 484
3579 485
3580 483
3581 483
3582 485
3583 483
3584 485
3585 484
3586 485
3587 483
3588 486
3589 490
3590 487
3591 486
3592 487
3593 482
3594 485
3595 485
3596 488
3597 486
3598 485
3599 485
3600 484
3601 484
3602 485
3603 483
3604 484
3605 483
3606 485
3607 485
3608 484
3609 484
3610 484
3611 486
3612 486
3613 484
3614 482
3615 483
3616 485
3617 484
3618 481
3619 481
3620 480
3621 481
3622 483
3623 481
3624 483
3625 480
3626 479
3627 478
3628 480
3629 478
3630 483
3631 485
3632 485
3633 486
3634 485
3635 485
3636 484
3637 482
3638 484
3639 483
3640 485
3641 484
3642 484
3643 483
3644 481
3645 489
3646 484
3647 483
3648 486
3649 481
3650 480
3651 481
3652 482
3653 483
3654 477
3655 475
3656 482
3657 479
3658 480
3659 481
3660 480
3661 479
3662 479
3663 479
3664 478
3665 477
3666 476
3667 479
3668 478
3669 478
3670 479
3671 477
3672 477
3673 477
3674 475
3675 478
3676 476
3677 478
3678 475
3679 476
3680 474
3681 473
3682 474
3683 473
3684 469
3685 474
3686 470
3687 475
3688 472
3689 472
3690 473
3691 471
3692 471
3693 471
3694 470
3695 472
3696 471
3697 472
3698 473
3699 472
3700 471
3701 473
3702 474
3703 473
3704 474
3705 471
3706 472
3707 473
3708 475
3709 474
3710 473
3711 476
3712 476
3713 475
3714 473
3715 475
3716 471
3717 470
3718 471
3719 472
3720 472
3721 474
3722 474
3723 470
3724 469
3725 469
3726 468
3727 467
3728 468
3729 469
3730 467
3731 468
3732 467
3733 468
3734 468
3735 472
3736 475
3737 473
3738 474
3739 471
3740 472
3741 474
3742 474
3743 475
3744 476
3745 473
3746 475
3747 475
3748 470
3749 470
3750 469
3751 469
3752 467
3753 468
3754 465
3755 465
3756 468
3757 468
3758 469
3759 469
3760 470
3761 469
3762 469
3763 470
3764 475
3765 473
3766 473
3767 473
3768 472
3769 473
3770 470
3771 470
3772 469
3773 470
3774 467
3775 465
3776 465
3777 466
3778 465
3779 465
3780 462
3781 461
3782 463
3783 462
3784 463
3785 462
3786 463
3787 463
3788 462
3789 462
3790 461
3791 461
3792 462
3793 461
3794 462
3795 463
3796 464
3797 463
3798 463
3799 464
3800 463
3801 461
3802 459
3803 460
3804 460
3805 461
3806 460
3807 461
3808 460
3809 456
3810 456
3811 457
3812 457
3813 456
3814 453
3815 456
3816 454
3817 454
3818 458
3819 459
3820 462
3821 463
3822 460
3823 461
3824 461
3825 464
3826 461
3827 458
3828 457
3829 457
3830 458
3831 459
3832 458
3833 456
3834 460
3835 459
3836 460
3837 459
3838 458
3839 457
3840 457
3841 457
3842 455
3843 455
3844 454
3845 456
3846 455
3847 456
3848 456
3849 453
3850 451
3851 452
3852 454
3853 454
3854 454
3855 454
3856 454
3857 455
3858 457
3859 455
3860 456
3861 458
3862 458
3863 458
3864 457
3865 454
3866 455
3867 453
3868 452
3869 453
3870 451
3871 451
3872 452
3873 452
3874 453
3875 452
3876 454
3877 455
3878 454
3879 455
3880 455
3881 455
3882 455
3883 454
3884 453
3885 454
3886 451
3887 454
3888 455
3889 453
3890 455
3891 456
3892 455
3893 456
3894 456
3895 455
3896 454
3897 454
3898 452
3899 450
3900 450
3901 450
3902 452
3903 449
3904 451
3905 450
3906 450
3907 450
3908 450
3909 451
3910 453
3911 450
3912 450
3913 451
3914 450
3915 451
3916 449
3917 450
3918 451
3919 451
3920 451
3921 452
3922 451
3923 451
3924 451
3925 450
3926 450
3927 450
3928 451
3929 449
3930 449
3931 448
3932 450
3933 448
3934 447
3935 448
3936 449
3937 451
3938 452
3939 450
3940 450
3941 449
3942 450
3943 451
3944 448
3945 450
3946 451
3947 451
3948 450
3949 452
3950 450
3951 450
3952 452
3953 452
3954 454
3955 454
3956 453
3957 454
3958 455
3959 455
3960 453
3961 451
3962 452
3963 451
3964 454
3965 452
3966 452
3967 451
3968 451
3969 451
3970 448
3971 450
3972 446
3973 448
3974 451
3975 446
3976 445
3977 446
3978 446
3979 445
3980 445
3981 443
3982 442
3983 446
3984 451
3985 448
3986 447
3987 449
3988 449
3989 448
3990 447
3991 449
3992 451
3993 450
3994 450
3995 452
3996 451
3997 451
3998 449
3999 451
4000 451
4001 449
4002 451
4003 449
4004 449
4005 447
4006 446
4007 446
4008 448
4009 448
4010 445
4011 445
4012 443
4013 446
4014 444
4015 442
4016 444
4017 447
4018 448
4019 446
4020 443
4021 444
4022 446
4023 444
4024 445
4025 444
4026 445
4027 444
4028 443
4029 444
4030 443
4031 442
4032 442
4033 445
4034 445
4035 445
4036 446
4037 448
4038 445
4039 447
4040 445
4041 447
4042 447
4043 447
4044 450
4045 447
4046 449
4047 450
4048 447
4049 447
4050 447
4051 444
4052 444
4053 444
4054 440
4055 445
4056 443
4057 443
4058 443
4059 442
4060 442
4061 442
4062 444
4063 444
4064 445
4065 445
4066 444
4067 440
4068 440
4069 441
4070 443
4071 442
4072 441
4073 442
4074 442
4075 441
4076 440
4077 442
4078 443
4079 443
4080 444
4081 444
4082 444
4083 443
4084 442
4085 446
4086 448
4087 448
4088 447
4089 446
4090 445
4091 444
4092 445
4093 447
4094 445
4095 444
4096 448
4097 445
4098 446
4099 446
4100 446
4101 448
4102 447
4103 447
4104 445
4105 443
4106 443
4107 442
4108 442
4109 441
4110 442
4111 442
4112 441
4113 441
4114 444
4115 442
4116 444
4117 444
4118 444
4119 443
4120 445
4121 444
4122 444
4123 444
4124 443
4125 446
4126 445
4127 446
4128 443
4129 444
4130 447
4131 446
4132 446
4133 447
4134 444
4135 446
4136 445
4137 446
4138 446
4139 444
4140 444
4141 444
4142 444
4143 443
4144 445
4145 445
4146 445
4147 445
4148 444
4149 444
4150 444
4151 444
4152 444
4153 444
4154 443
4155 443
4156 444
4157 442
4158 442
4159 443
4160 443
4161 442
4162 442
4163 441
4164 440
4165 441
4166 441
4167 442
4168 442
4169 443
4170 444
4171 443
4172 444
4173 441
4174 441
4175 441
4176 442
4177 439
4178 440
4179 441
4180 441
4181 439
4182 440
4183 441
4184 444
4185 444
4186 443
4187 442
4188 440
4189 440
4190 439
4191 441
4192 439
4193 440
4194 440
4195 442
4196 437
4197 435
4198 436
4199 439
4200 438
4201 440
4202 442
4203 439
4204 438
4205 435
4206 436
4207 437
4208 438
4209 438
4210 437
4211 437
4212 436
4213 436
4214 435
4215 433
4216 433
4217 434
4218 435
4219 435
4220 433
4221 434
4222 434
4223 435
4224 435
4225 436
4226 434
4227 432
4228 433
4229 434
4230 435
4231 433
4232 433
4233 435
4234 434
4235 433
4236 433
4237 433
4238 433
4239 433
4240 432
4241 431
4242 431
4243 434
4244 434
4245 432
4246 429
4247 428
4248 428
4249 428
4250 429
4251 428
4252 427
4253 428
4254 428
4255 428
4256 427
4257 426
4258 427
4259 429
4260 429
4261 430
4262 427
4263 427
4264 427
4265 427
4266 428
4267 431
4268 431
4269 428
4270 428
4271 429
4272 427
4273 428
4274 429
4275 430
4276 428
4277 429
4278 425
4279 429
4280 425
4281 423
4282 424
4283 422
4284 420
4285 423
4286 426
4287 427
4288 425
4289 425
4290 426
4291 425
4292 422
4293 419
4294 421
4295 422
4296 418
4297 420
4298 419
4299 422
4300 420
4301 421
4302 421
4303 423
4304 425
4305 423
4306 423
4307 421
4308 422
4309 421
4310 424
4311 424
4312 423
4313 422
4314 421
4315 422
4316 424
4317 423
4318 422
4319 423
4320 424
4321 422
4322 423
4323 421
4324 423
4325 420
4326 421
4327 420
4328 421
4329 416
4330 417
4331 415
4332 415
4333 416
4334 416
4335 415
4336 416
4337 413
4338 415
4339 415
4340 416
4341 417
4342 418
4343 419
4344 419
4345 421
4346 419
4347 420
4348 421
4349 418
4350 419
4351 416
4352 414
4353 416
4354 414
4355 416
4356 416
4357 416
4358 416
4359 416
4360 416
4361 416
4362 417
4363 418
4364 419
4365 419
4366 419
4367 418
4368 418
4369 419
4370 417
4371 423
4372 423
4373 422
4374 421
4375 418
4376 420
4377 420
4378 421
4379 420
4380 420
4381 420
4382 421
4383 421
4384 422
4385 422
4386 421
4387 421
4388 423
4389 420
4390 420
4391 419
4392 422
4393 421
4394 422
4395 419
4396 418
4397 417
4398 419
4399 414
4400 413
4401 413
4402 411
4403 410
4404 411
4405 412
4406 410
4407 410
4408 409
4409 408
4410 409
4411 410
4412 410
4413 411
4414 410
4415 411
4416 412
4417 414
4418 411
4419 414
4420 412
4421 412
4422 413
4423 416
4424 413
4425 415
4426 412
4427 411
4428 412
4429 414
4430 414
4431 413
4432 411
4433 411
4434 412
4435 414
4436 414
4437 416
4438 413
4439 413
4440 414
4441 413
4442 412
4443 412
4444 412
4445 410
4446 411
4447 412
4448 410
4449 408
4450 407
4451 407
4452 409
4453 408
4454 408
4455 407
4456 407
4457 407
4458 409
4459 411
4460 411
4461 411
4462 409
4463 410
4464 409
4465 410
4466 409
4467 410
4468 410
4469 409
4470 408
4471 410
4472 410
4473 407
4474 409
4475 409
4476 408
4477 406
4478 407
4479 408
4480 407
4481 406
4482 409
4483 408
4484 407
4485 409
4486 408
4487 408
4488 404
4489 405
4490 405
4491 405
4492 403
4493 402
4494 403
4495 402
4496 404
4497 404
4498 404
4499 403
4500 402
4501 403
4502 402
4503 404
4504 406
4505 405
4506 404
4507 406
4508 403
4509 405
4510 405
4511 405
4512 403
4513 405
4514 406
4515 405
4516 402
4517 405
4518 405
4519 406
4520 404
4521 403
4522 404
4523 404
4524 404
4525 403
4526 401
4527 401
4528 401
4529 400
4530 401
4531 400
4532 401
4533 399
4534 399
4535 400
4536 400
4537 400
4538 400
4539 399
4540 401
4541 400
4542 400
4543 400
4544 398
4545 398
4546 398
4547 400
4548 400
4549 398
4550 400
4551 398
4552 397
4553 397
4554 397
4555 397
4556 396
4557 398
4558 396
4559 397
4560 398
4561 399
4562 397
4563 397
4564 398
4565 398
4566 398
4567 397
4568 400
4569 396
4570 398
4571 400
4572 401
4573 400
4574 400
4575 399
4576 397
4577 398
4578 399
4579 396
4580 397
4581 395
4582 397
4583 397
4584 399
4585 399
4586 401
4587 400
4588 399
4589 399
4590 396
4591 396
4592 399
4593 400
4594 399
4595 398
4596 397
4597 396
4598 398
4599 395
4600 394
4601 393
4602 394
4603 396
4604 394
4605 396
4606 394
4607 394
4608 396
4609 397
4610 394
4611 393
4612 396
4613 395
4614 394
4615 396
4616 395
4617 395
4618 397
4619 395
4620 397
4621 396
4622 395
4623 394
4624 395
4625 394
4626 393
4627 395
4628 397
4629 395
4630 394
4631 396
4632 393
4633 393
4634 396
4635 393
4636 393
4637 393
4638 392
4639 392
4640 395
4641 394
4642 397
4643 394
4644 393
4645 393
4646 393
4647 395
4648 392
4649 395
4650 395
4651 392
4652 391
4653 391
4654 394
4655 394
4656 391
4657 392
4658 396
4659 395
4660 392
4661 393
4662 394
4663 394
4664 395
4665 396
4666 395
4667 395
4668 393
4669 394
4670 394
4671 394
4672 394
4673 395
4674 396
4675 396
4676 394
4677 393
4678 393
4679 393
4680 392
4681 393
4682 394
4683 393
4684 395
4685 394
4686 398
4687 396
4688 394
4689 394
4690 394
4691 394
4692 393
4693 393
4694 393
4695 394
4696 393
4697 396
4698 397
4699 395
4700 395
4701 396
4702 396
4703 395
4704 395
4705 394
4706 394
4707 393
4708 393
4709 393
4710 392
4711 393
4712 392
4713 393
4714 392
4715 390
4716 388
4717 389
4718 391
4719 391
4720 390
4721 393
4722 391
4723 393
4724 392
4725 393
4726 392
4727 391
4728 392
4729 394
4730 392
4731 392
4732 393
4733 394
4734 391
4735 392
4736 392
4737 393
4738 394
4739 395
4740 395
4741 393
4742 396
4743 395
4744 394
4745 394
4746 393
4747 394
4748 392
4749 390
4750 390
4751 390
4752 390
4753 390
4754 392
4755 392
4756 390
4757 389
4758 389
4759 391
4760 389
4761 390
4762 389
4763 390
4764 391
4765 390
4766 391
4767 391
4768 392
4769 392
4770 391
4771 390
4772 389
4773 390
4774 388
4775 390
4776 389
4777 392
4778 391
4779 388
4780 389
4781 388
4782 388
4783 390
4784 389
4785 388
4786 388
4787 388
4788 388
4789 389
4790 391
4791 389
4792 388
4793 387
4794 388
4795 391
4796 390
4797 390
4798 388
4799 387
4800 388
4801 385
4802 386
4803 385
4804 385
4805 387
4806 386
4807 386
4808 387
4809 388
4810 387
4811 385
4812 386
4813 385
4814 384
4815 384
4816 384
4817 383
4818 383
4819 383
4820 384
4821 385
4822 384
4823 384
4824 384
4825 387
4826 387
4827 387
4828 385
4829 386
4830 386
4831 386
4832 387
4833 387
4834 388
4835 387
4836 387
4837 388
4838 385
4839 385
4840 384
4841 384
4842 384
4843 384
4844 384
4845 386
4846 386
4847 385
4848 386
4849 385
4850 384
4851 386
4852 386
4853 386
4854 387
4855 388
4856 384
4857 385
4858 386
4859 384
4860 387
4861 385
4862 386
4863 386
4864 385
4865 387
4866 385
4867 384
4868 387
4869 389
4870 387
4871 387
4872 388
4873 390
4874 390
4875 391
4876 388
4877 389
4878 387
4879 390
4880 388
4881 388
4882 389
4883 387
4884 385
4885 386
4886 387
4887 388
4888 385
4889 385
4890 383
4891 383
4892 383
4893 382
4894 384
4895 384
4896 384
4897 384
4898 385
4899 385
4900 384
4901 385
4902 386
4903 384
4904 383
4905 383
4906 384
4907 386
4908 386
4909 386
4910 386
4911 385
4912 385
4913 383
4914 384
4915 384
4916 383
4917 383
4918 382
4919 383
4920 382
4921 383
4922 384
4923 384
4924 383
4925 383
4926 383
4927 385
4928 385
4929 381
4930 382
4931 383
4932 383
4933 381
4934 384
4935 383
4936 384
4937 385
4938 385
4939 384
4940 384
4941 384
4942 381
4943 381
4944 383
4945 380
4946 383
4947 383
4948 383
4949 382
4950 382
4951 382
4952 380
4953 380
4954 381
4955 380
4956 379
4957 380
4958 381
4959 381
4960 380
4961 378
4962 378
4963 378
4964 376
4965 377
4966 377
4967 376
4968 375
4969 376
4970 376
4971 376
4972 374
4973 372
4974 372
4975 374
4976 373
4977 373
4978 373
4979 374
4980 374
4981 375
4982 375
4983 374
4984 374
4985 374
4986 372
4987 371
4988 373
4989 374
4990 374
4991 374
4992 373
4993 371
4994 373
4995 372
4996 373
4997 371
4998 373
4999 372
